1000
460
1828
1246
1228
1588
121
1033
938
58
1033
1046
94
968
680
1141
136
559
283
94
2074
58
1141
406
1008
2044
1072
121
744
870
707
559
1244
607
460
58
95
1220
317
58
1006
460
2039
1041
136
1072
283
1072
94
136
329
1541
1851
1610
1546
997
1006
696
2046
1008
259
1303
1053
2090
259
136
1379
877
58
103
329
136
2060
34
1006
16
1984
16
136
1072
332
94
1228
1033
95
460
207
1141
1984
46
136
1112
436
1141
1219
2061
1962
1219
1914
1839
1967
951
1499
726
929
1776
493
1574
328
95
1072
581
103
103
460
136
259
1072
1084
211
1219
136
774
730
739
785
136
136
1141
1219
1033
200
283
1178
58
1840
1072
73
136
390
1219
1141
1760
1117
745
73
187
150
1033
58
103
1035
1219
259
1830
65
1888
1141
292
59
1712
270
1033
1219
738
1228
1593
1072
472
619
1243
136
62
1072
1141
1599
259
283
517
1219
1141
58
37
1219
1606
97
136
1006
1219
1236
73
37
1073
1033
1421
703
1219
75
1109
817
1072
94
1144
2079
31
37
786
1033
1729
1364
58
1219
1161
253
1510
1042
58
1254
1909
1017
1038
76
626
1936
1342
58
398
94
97
136
1141
929
368
94
1001
929
1035
1522
472
283
37
1141
1385
1781
259
697
257
1022
1
405
1339
912
136
246
1006
136
136
832
1541
1
1933
42
283
857
1319
58
460
1033
829
1072
136
1305
1006
641
1819
351
1141
1550
580
467
1174
58
460
136
58
94
1995
1428
1359
1141
763
443
1006
525
968
242
463
283
94
977
1323
95
1332
94
1613
1786
1504
674
95
1141
1613
136
1784
136
1737
580
1536
1561
709
94
1582
435
212
1528
792
73
1423
1141
651
1903
94
2053
1219
1076
172
230
1072
220
1608
136
1333
409
1774
746
621
790
533
1504
1236
1219
1863
1978
94
1786
1420
1623
136
121
300
136
1351
626
409
460
819
1072
16
1072
1763
1219
709
244
1033
339
283
459
136
1006
827
24
514
1298
136
1
1612
830
895
1141
1984
1273
628
1141
1604
1481
555
1141
1445
629
1226
175
733
58
136
836
490
1122
283
1510
1006
1033
44
1888
97
1072
931
965
2025
1872
517
1072
1141
1746
160
332
94
1141
580
674
610
1065
94
1765
89
1141
157
1033
94
136
1006
1072
97
1915
1219
815
575
136
889
136
1033
1117
1360
94
677
244
64
94
1925
283
1141
5
216
1887
1206
928
626
518
2090
1877
963
1514
34
1072
58
1033
625
2005
1219
1072
1073
1760
283
1141
1219
932
965
571
517
563
1141
136
1033
47
994
294
373
1313
374
136
1052
884
1658
46
1
1072
1935
54
368
782
1072
1006
1214
1406
590
259
1366
436
1219
1033
1033
19
1691
1021
1332
1314
259
97
2098
121
858
1810
2045
1033
1219
519
605
1416
46
95
1280
1219
1097
1072
136
1248
1926
37
136
1418
1504
1723
1348
1006
101
67
1596
951
1059
316
1325
1782
136
1383
1518
943
1185
1760
517
460
1167
136
138
136
2
1185
1033
1033
1432
1033
425
1033
2065
1033
259
46
1357
239
653
1015
136
1033
470
1191
906
765
1033
1141
517
1254
931
58
1065
283
1141
1072
275
1033
1317
1603
1237
259
1219
1285
672
2012
677
850
1072
1219
136
1034
550
1219
1072
136
1219
94
69
103
1435
136
1141
16
608
1806
58
660
136
136
208
103
1719
125
136
82
328
786
1224
1141
1303
1420
1033
1033
1072
226
1065
1537
259
1033
1219
184
1141
1006
1219
391
440
94
16
1141
1231
136
966
499
777
259
682
136
2046
2095
856
1775
182
1072
1781
776
327
1141
1684
1523
162
1141
1312
1835
873
756
1033
1021
1712
1084
136
1016
1033
210
654
7
715
259
510
58
46
1141
183
58
606
6
75
259
1909
581
575
1141
1033
46
97
1219
77
771
1033
1759
1072
436
254
249
94
1839
1239
1141
136
1033
1072
709
215
1072
276
46
1006
1141
731
1141
1300
323
1471
1806
1493
136
2087
1984
136
94
1358
725
1219
1962
1015
1072
1708
103
641
136
2033
1033
1874
2045
1921
1055
1006
1206
1016
1033
473
1141
460
95
2059
211
1258
121
94
1072
136
1219
811
766
136
652
1604
530
916
1033
47
547
136
2019
94
1219
1128
1072
386
1420
1219
834
94
1072
1302
1219
1950
1459
341
1488
1638
131
1006
1
94
1164
728
124
2028
136
328
460
1033
58
2003
1019
1747
221
166
304
1213
46
121
1354
184
16
283
1219
1796
797
1910
1219
1072
169
95
136
94
1354
136
1611
447
584
1221
1753
259
2062
1951
821
449
1033
1546
1
235
259
46
1033
226
304
73
259
1729
1851
1193
2086
1033
1034
53
211
1800
1203
1
1141
1920
136
1611
34
1597
148
140
940
16
259
1033
58
1219
652
1141
259
259
1141
887
819
818
283
94
1928
97
1269
1616
16
460
1033
1033
1744
460
1047
97
196
47
652
1287
1073
2088
451
2013
95
73
668
103
271
1918
136
136
94
58
391
1219
1669
1072
965
24
1525
517
95
58
1
580
460
1041
58
1867
2020
37
541
58
238
436
580
812
136
136
472
740
1810
58
736
1072
1
1420
567
328
64
1072
136
718
136
136
1033
474
649
345
1927
2029
1033
58
1171
1219
1054
1033
1287
55
1824
1897
