1756
8.434765898	0.01078732498
9.442221716	0.0147297103
8.635162132	1.0
7.579311604	1.0
-1.0	0.0006359054823
-1.0	0.003584388644
6.640596772	0.009428315796
7.126034008	0.003253661096
7.733643361	0.03672889993
-1.0	0.02562732622
-1.0	0.04798623547
-1.0	0.03263763338
9.279381907	0.009803864174
9.768494783	0.0153117869
6.784749124	0.03740957379
-1.0	0.01142563019
9.030236257	0.02176581882
6.82964428	0.01191695407
7.147426039	0.003764007473
9.287139892	0.00561858993
9.505479535	0.01523672324
9.458600279	0.01597399637
9.074000177	0.004079168662
9.390667049	0.003540791571
8.750092408	0.1055940017
8.16944059	0.06436023861
9.148076011	1.0
8.00125797	1.0
9.11951214	0.01170800719
9.675349582	0.0175351724
6.256093262	0.1325674802
-1.0	0.1275700033
9.454896306	0.007198700216
-1.0	0.009261741303
9.13930826	0.001908036531
9.57141236	0.003408041783
-1.0	0.0123659689
-1.0	0.01914560422
-1.0	0.003014938906
-1.0	0.007354553323
-1.0	0.004985847976
-1.0	0.01066804118
7.971281874	0.008752648719
7.820026027	0.01565766521
7.643117684	0.002760218689
-1.0	0.00204934529
7.775806443	0.260566473
7.12139296	0.2575754821
9.461881552	0.03220645338
-1.0	0.03500930965
-1.0	0.04201374203
-1.0	0.01487416122
8.996786605	0.01113986038
8.675085113	0.009017620236
6.178782777	0.02306202985
6.748902624	0.01760706306
9.137155453	0.003474705853
9.428297237	0.003025767859
-1.0	0.002189347753
8.605422082	0.004922015592
8.318788608	0.004821639508
5.807154807	0.01379424706
8.720862996	0.007189697586
8.070349008	0.01098415442
-1.0	0.03560913354
9.035516121	0.04032615572
7.315062809	0.008932162076
9.551441007	0.01345652528
4.394520717	0.001978965942
-1.0	0.00647155568
-1.0	0.006831265986
-1.0	0.005418094341
6.961636989	0.0419450216
-1.0	0.04584412649
7.807488851	0.006333542522
6.684373368	0.002219699323
9.056534597	0.02907610126
7.472959201	0.01841199771
8.899310613	0.01015323959
8.032448148	0.01309126336
-1.0	0.01060452312
7.519586104	0.01973410137
7.048202615	0.003698832355
-1.0	0.006491025444
-1.0	0.001803293591
-1.0	0.003671805607
6.078098952	0.7742614746
-1.0	0.5545409918
-1.0	0.01704774611
-1.0	0.01825237088
-1.0	0.001330106519
8.992847066	0.005662019365
8.923326437	0.02538969181
-1.0	0.01859254949
5.510104809	0.003042595461
8.873730107	0.01100662537
9.195487405	0.03970431909
9.035516121	0.04609511048
8.456617373	0.008347401395
7.088368276	0.006339942571
6.551377717	0.01818920858
8.827376721	0.01001756638
-1.0	0.01589249633
-1.0	0.00869513303
-1.0	0.01571421698
7.802352619	0.00886471197
-1.0	0.009164202027
-1.0	0.006523876917
-1.0	0.001628947444
7.517183826	0.007529780734
5.527445017	0.02203239128
-1.0	0.01084343344
7.497695878	0.02893949859
-1.0	0.06428474933
-1.0	0.02640931495
-1.0	0.009044562466
-1.0	0.009509009309
-1.0	0.008602092974
-1.0	0.01704282872
-1.0	0.01926250011
7.731111785	0.009292335249
-1.0	0.007015616633
8.562953318	0.003841529367
8.945850283	0.003283320693
7.027559711	0.01604293659
8.870397089	0.005845831707
-1.0	0.01002098247
8.400210689	0.01724859886
6.17692092	0.003006283659
5.976788807	0.002250801772
9.13412499	0.1025617048
-1.0	0.01446252037
7.389595282	0.01954716444
-1.0	0.00579021126
8.020453147	0.004058304708
6.764092775	0.005187426228
8.734123321	0.004319503903
7.686846927	0.002917008242
-1.0	0.004335848615
-1.0	0.003627525177
7.331916819	0.003919129726
7.640287259	0.005178331397
-1.0	0.003343087621
9.662925936	0.002582455752
-1.0	0.0173397772
7.604079569	0.05999225378
8.74483723	0.02999353595
-1.0	0.03321257606
6.392882588	0.01232046634
4.351152008	0.00994103495
8.720752107	0.006877230946
6.936280924	0.01005749498
9.278090819	0.2016177475
9.034238822	0.00721272314
8.940712431	0.004750750959
7.908246469	0.01575402543
7.109806875	0.007250583265
6.960872576	0.01318866573
7.501966291	0.02934680879
-1.0	0.02615410089
9.663831286	0.01512910333
-1.0	0.008425583132
-1.0	0.009923968464
-1.0	0.01477947086
8.931032144	0.0131881563
8.432575244	0.01257865876
-1.0	0.003523100633
-1.0	0.001807294553
9.447247055	0.05332935229
8.531296031	0.0527581051
-1.0	0.0008137551486
-1.0	0.00118438364
-1.0	0.009406148456
6.8420996	0.003549860558
-1.0	0.003283458063
-1.0	0.004006970208
6.728904551	0.005613605026
-1.0	0.004530611448
8.655538411	0.01105175447
8.565172439	0.009976149537
-1.0	0.05044690147
-1.0	0.05311927199
8.304357113	0.02190696821
6.757857354	0.01119826734
-1.0	0.0107895257
-1.0	0.0191568397
-1.0	0.01084343344
7.410556593	0.009554256685
8.023204326	0.04537048936
7.3937325	0.04101022705
-1.0	0.003646147205
9.457417652	0.000441559765
-1.0	0.005948369857
-1.0	0.006049114745
-1.0	0.004606266506
-1.0	0.003180090105
8.126590666	0.01401679497
8.526686492	0.02145880833
8.941444044	0.0162802022
8.400210689	0.01046269666
8.655550092	0.02630207688
9.224261232	0.03715727478
8.552403799	0.01092405431
-1.0	0.006698061712
9.233295929	0.009167440236
9.491838653	0.005948238075
-1.0	0.005622662604
-1.0	0.007970581762
-1.0	0.009349133819
-1.0	0.006336305756
6.529688598	0.0003519929014
7.65256776	0.001013492234
-1.0	0.03731952235
6.82063641	0.01015259139
6.356253713	0.03868222609
7.424053383	0.02092280798
-1.0	0.001886701444
6.915452965	0.002136881929
6.798126183	0.01916344278
8.156403682	0.03239773586
5.795632052	0.01744398847
-1.0	0.006752731744
-1.0	0.002220292576
-1.0	0.003695252119
8.985417113	0.8072363734
9.278090819	0.8093865514
8.919607904	0.003385010641
7.275781037	0.00713860197
6.074284497	0.001257279539
-1.0	0.0009046954801
7.920167631	0.007091423031
7.082330878	0.009313408285
9.108958839	0.01550243609
5.531624706	0.01672248915
9.108189792	0.01698980667
7.560228697	0.009919141419
9.168359169	0.001087716781
-1.0	0.004347801674
-1.0	0.004109471105
7.405341727	0.008976616897
9.008153375	0.00341120665
9.288949684	0.01087154169
8.87651988	0.002630127361
7.749543083	0.002822201932
-1.0	0.01916575804
-1.0	0.004232566804
-1.0	0.000824933697
-1.0	0.00128193479
-1.0	0.003405640367
7.060920862	0.001455472549
-1.0	0.2089104652
-1.0	0.07109484076
-1.0	0.01349150669
8.199334481	0.00509277638
7.821076703	0.01064966992
8.244069925	0.01187104918
8.64785701	0.003592816647
9.290299526	0.0
-1.0	0.006900672335
-1.0	0.002862327965
-1.0	0.006261867471
7.269947165	0.01060937624
8.968689661	0.01993821003
9.646432233	0.008023906499
-1.0	0.0007659775438
-1.0	0.001724525937
9.443935698	0.001379570342
9.486273762	0.001987469383
7.092277615	0.003130045952
-1.0	0.002118798206
-1.0	0.002603661967
-1.0	0.003467327217
-1.0	0.05019463971
-1.0	0.0501630865
9.376998983	0.004756056238
8.038996678	0.004134319723
7.048202615	0.001361253788
4.935077219	0.01555340085
-1.0	0.01758597046
-1.0	0.01072103158
6.085657913	0.1182521358
7.805836594	0.2016693056
7.325772345	0.007865940221
5.908433303	0.01655435748
-1.0	0.01728454605
5.283724329	0.02691151015
8.206076281	0.3975557685
-1.0	0.1081938595
-1.0	0.05718807504
-1.0	0.001101486851
9.587611718	0.3969062269
8.438796717	0.1586610228
6.164595037	0.01962964423
2.563987553	0.009358227253
-1.0	0.003893238958
-1.0	0.002934262855
5.057242014	0.004250118975
8.95229169	0.004205607809
7.663558057	1.0
9.587611718	0.3969062269
-1.0	0.002594497753
-1.0	0.00196787552
8.156403682	0.004812261555
-1.0	0.03039147519
6.614681165	0.002882287139
-1.0	0.010477731
7.094620968	0.007834043354
8.255148252	0.00313029415
8.834551497	0.01303444616
8.643487272	0.02240408026
-1.0	0.01461852342
9.491838653	0.01860769279
7.158734092	0.004788845312
7.105223374	0.002669990994
-1.0	0.004531226121
-1.0	0.004090121947
9.137155453	0.006181888748
9.479076037	0.003114909865
9.254886053	0.003184577916
8.076760063	0.0009225361282
6.392882588	0.01232046634
4.351152008	0.00994103495
-1.0	0.0008033568738
7.179125101	0.002571512479
7.931504896	0.007483574096
9.031190953	0.007253514603
5.747772247	0.01312625967
9.195769865	0.01065990422
7.469315467	0.01557825506
5.499196894	0.009412064217
9.254786118	0.00284295436
9.024991087	0.008824266493
-1.0	0.003927599173
-1.0	0.003596659983
-1.0	0.004853820894
-1.0	0.003781172913
-1.0	0.1684856117
-1.0	0.09204992652
-1.0	0.2317626476
9.064527925	0.2541034222
7.533023305	0.006132117473
-1.0	0.005667951889
-1.0	0.04302372038
-1.0	0.02905669808
9.461881552	0.03220645338
9.347960353	0.02424150892
8.146126336	0.005652804393
-1.0	0.006319488399
6.438741979	0.08054368943
8.594327991	0.07842884213
7.535525088	0.00431879051
-1.0	0.003015194787
8.856316516	0.01073423959
9.374633728	0.004179179668
9.48051325	0.004711731337
-1.0	0.002158784308
9.053903169	0.006194318645
7.710353388	0.003496556543
7.843313698	0.005962887313
-1.0	0.003069037106
-1.0	0.004678171594
-1.0	0.004030354321
8.125590942	0.009534597397
7.48196095	0.009246646427
9.397174678	0.01146723982
7.093263531	0.01894840226
6.829586883	0.02406529337
6.906126124	0.008253782056
-1.0	0.002145337872
-1.0	0.0003171091666
7.924057358	0.005181604065
8.606710727	0.00108612678
-1.0	0.01477187034
-1.0	0.004675511736
-1.0	0.03326300904
5.723660076	0.02995785512
-1.0	0.001987667056
-1.0	0.003270220943
-1.0	0.005590564106
-1.0	0.004979998805
-1.0	0.05624512583
-1.0	0.05009097978
7.24633417	0.004296365194
-1.0	0.003182629123
8.784852231	0.008589019068
7.463092262	0.01259419881
5.931311145	0.00228840299
6.050618839	0.000868827221
-1.0	0.005644734483
9.157821955	0.009584753774
8.723903903	0.0379960984
8.709671019	0.05817153677
5.667641994	0.02000782453
7.710569043	0.01900077984
9.288949684	0.00691468874
9.008153375	0.007799043786
-1.0	0.04304862767
-1.0	0.06389129907
8.319700663	0.007966844365
9.003544913	0.005542102735
-1.0	0.03969363123
-1.0	0.01695223525
-1.0	0.01423596684
-1.0	0.01470339485
8.8265455	0.2664069831
9.303266811	0.2655912936
-1.0	0.04631335661
6.901255036	0.03541705385
7.587018322	0.005425425246
8.636244551	0.008960456587
5.933639167	0.004232538398
5.368314471	0.004609852098
7.286043893	0.006150509231
-1.0	0.0005676476867
8.911522556	0.03935371339
7.771674988	0.0476834178
-1.0	0.003179165535
7.487854856	0.001010542503
8.013487217	0.01141996216
9.327354251	0.01862154901
9.161831879	0.01318388712
-1.0	0.003905378748
8.865367664	0.02229926176
-1.0	0.01996952482
3.943020238	0.01094350778
4.726790985	0.02171691693
-1.0	0.004147436004
-1.0	0.002233106643
7.340097478	0.002156936564
7.504344675	0.002657346427
-1.0	0.03095624596
6.029299548	0.02426828071
3.932316715	0.1509938389
7.974851825	0.1585722566
-1.0	0.0258081425
7.552555568	0.00624477677
9.598127117	0.09227803349
6.031596792	0.1115739346
-1.0	0.02182449959
7.485544466	0.03727371246
-1.0	0.03857266158
-1.0	0.003332025371
-1.0	0.0003171091666
7.350809666	0.002554621082
8.892165687	0.0096940808
-1.0	0.007984158583
-1.0	0.000824933697
-1.0	0.00128193479
-1.0	0.03482022509
9.438466743	0.008191383444
-1.0	0.01672275923
8.608059785	0.01618314348
-1.0	0.004050038755
-1.0	0.002958351513
6.066563904	0.006790664978
8.744110172	0.009655516595
6.885443389	0.001098261564
-1.0	0.000632059935
8.191390756	0.005414897576
-1.0	0.003547803499
-1.0	0.00915098656
8.504190238	0.004899411928
-1.0	0.001803293591
-1.0	0.003671805607
9.34413009	0.007589551155
9.384863114	0.002586241812
8.644930296	0.3950080574
-1.0	0.6721583009
9.287139892	0.01868801191
9.204662554	0.01260547526
9.195081045	0.0006465801271
9.418750815	0.008579464629
8.936562084	0.4053300321
9.422175353	0.3982587159
7.131360565	0.001641118783
-1.0	0.001429857686
6.952610938	0.004061059095
-1.0	0.006504826713
9.285255161	0.02428852953
9.487684799	0.01547876373
-1.0	0.003292839509
6.753163293	0.002579189371
6.017801694	0.1595842242
7.257963855	0.1309360415
9.432074869	0.007014926057
8.760597156	0.003995599691
8.147770634	0.04949920252
9.120362516	0.1202020422
-1.0	0.003502132138
-1.0	0.01033343282
5.582178616	0.01007898338
9.194723742	0.01067221165
9.493157614	0.006062779576
9.341084113	0.004143252969
4.363641236	0.008047821932
8.003655733	0.006658792961
8.281246235	0.004709202796
7.171818997	0.01262742188
6.071456332	0.0007854999858
7.217715085	0.005795480683
6.431165936	0.004088788759
-1.0	0.01071344968
-1.0	0.002860583365
9.219447675	0.004253549501
-1.0	0.02409210801
9.598127117	0.08077570796
9.027562379	0.005783867091
8.932875458	0.007295770105
8.03002732	0.02359155007
5.886585463	0.02061757445
9.638238714	0.003385776654
-1.0	0.01413105428
6.602697601	0.009387956001
-1.0	0.04623808712
-1.0	0.0315974541
-1.0	0.0108918203
-1.0	0.006778034847
-1.0	0.004577319138
-1.0	0.01377810724
-1.0	0.03332023323
9.652347145	0.09387875348
8.25237867	0.08370427042
6.554471342	0.006174104288
7.072290052	0.01233470254
7.894776174	0.04433929175
8.812869388	0.01354884822
-1.0	0.05833813176
-1.0	0.02683521807
-1.0	0.004678171594
-1.0	0.004248116165
-1.0	0.001996147912
-1.0	0.002052345779
6.873545611	0.01018103212
5.184021411	0.01603572257
6.717035076	0.009404251352
-1.0	0.005667951889
7.953406957	0.0499589555
-1.0	0.05693743005
9.011389512	0.007977062836
8.637086562	0.005587232299
-1.0	0.009497493505
8.673545415	0.01137683261
-1.0	0.01105828118
7.712974011	0.0009525596397
6.774230697	0.002925782697
9.276944713	0.0005059638643
8.534582501	0.01518843975
-1.0	0.009487734176
-1.0	0.001309629646
-1.0	0.0008569443016
9.055982706	0.002360144397
5.057242014	0.004250118975
-1.0	0.005126516335
-1.0	0.00204934529
-1.0	0.004614377394
-1.0	0.003664905438
-1.0	0.005046520848
-1.0	0.005978171714
9.587611718	0.3969062269
8.438796717	0.1586610228
8.93101778	0.005852406844
9.243394072	0.01217803545
5.509159103	0.01303937007
-1.0	0.009951488115
6.923045266	0.001298592775
-1.0	0.001472210861
-1.0	0.0198756177
9.206283947	0.01023218967
3.943020238	0.01094350778
5.690233012	0.01476782188
-1.0	0.004323807079
9.024352683	0.003420060966
5.790294955	0.003164103488
-1.0	0.003202015068
9.035874	0.01906231605
8.862451234	0.008011374623
-1.0	0.01324748434
7.782654635	0.007379126735
-1.0	0.6838453412
9.294925301	1.0
-1.0	0.005452224053
-1.0	0.002203555079
9.204014	0.002636107383
-1.0	0.01162898634
-1.0	0.004840211943
-1.0	0.01492087636
9.241169188	0.003448476316
9.471542927	0.01085116994
7.51397847	0.02062616684
7.851529823	0.008941758424
8.821447937	0.01093018055
8.048788736	0.00744782947
7.953406957	0.01665225253
8.723903903	0.0379960984
6.259454942	0.009518946521
8.899310613	0.01391123515
9.234043049	0.005394168664
7.011076775	0.008392560296
-1.0	0.002959098201
-1.0	0.003713924671
-1.0	0.007277811877
-1.0	0.01091481838
9.42384914	0.006981861312
5.153697742	0.0004231124476
-1.0	0.004006970208
-1.0	0.00853863731
-1.0	0.01964104362
-1.0	0.01942579821
6.373135276	0.000570485252
-1.0	0.001410042285
-1.0	0.001751705655
3.131701672	0.004681219812
6.373135276	0.000570485252
-1.0	0.001410042285
9.202716887	0.05640105158
9.447247055	0.05332935229
6.914878959	0.05470561981
7.910768545	0.1537507623
-1.0	0.004607819021
7.165851845	0.003984926734
7.007332677	0.1493350118
9.258792037	0.1596769094
8.534582501	0.01518843975
8.725491079	0.003182211891
8.305000725	0.003141138703
9.438495612	0.003807348898
9.072341723	0.01124026347
7.298619129	0.004841279238
8.1679355	0.02256426774
8.793697362	0.01298378129
-1.0	0.02705429308
-1.0	0.02687973715
6.640596772	0.009428315796
8.267208074	0.005211742129
9.269159303	0.006268708967
8.909526824	0.006502090488
-1.0	0.02116266079
-1.0	0.0102076428
6.601778964	0.1412540823
4.291588298	0.2850759923
-1.0	0.001078305067
-1.0	0.0003215073666
-1.0	0.003349187318
5.87690263	0.002227963181
-1.0	0.02652619965
8.424404755	0.01939583011
-1.0	0.006486118771
-1.0	0.00663344888
6.82219436	0.001106078271
7.086018754	0.002789162565
-1.0	0.1186671108
8.420362368	0.175786823
-1.0	0.001167447772
-1.0	0.0005927530583
8.93101778	0.005852406844
-1.0	0.006926898379
-1.0	0.01413419005
8.543890605	0.01608379558
6.548498248	0.001575029921
-1.0	0.006319256499
-1.0	0.007037888747
5.580678685	0.001327830832
9.008153375	0.00341120665
9.288949684	0.01087154169
7.871956117	0.04341065139
8.75400952	0.04282241687
9.491903238	0.2635105848
9.495506372	0.1869790405
9.074000177	0.007332311943
8.80730184	0.006587242708
5.260095179	0.038528651
-1.0	0.03817925602
9.283247187	0.005352308508
9.052794084	0.0065151616
-1.0	0.01765798405
9.183975678	0.03177465871
6.334757261	0.003047892358
7.937271744	0.005017370917
7.907821396	0.02666369267
9.281417428	0.01044632867
-1.0	0.004436444491
-1.0	0.01121512055
-1.0	0.003209305229
-1.0	0.00220042048
7.749279223	1.0
9.370768758	0.2800694406
-1.0	0.002305956092
-1.0	0.001307061175
-1.0	0.02147380821
8.670236502	0.02089261636
-1.0	0.01612399891
-1.0	0.01681886055
8.193578317	0.0004725595936
8.920095153	0.0007475389866
8.371515568	0.005583516788
9.168181259	0.01029440947
9.386021505	0.001750141149
6.673705124	0.00594371045
-1.0	0.003189862939
7.712157996	0.003189862939
9.038675007	0.07056895643
-1.0	0.1029721424
-1.0	0.05179126188
-1.0	0.07835222036
9.492042705	0.0004425220832
-1.0	0.002397657372
6.978490025	0.01509388071
8.437174292	0.003050911939
6.247723591	0.008172907867
-1.0	0.006462757941
-1.0	0.01917075366
-1.0	0.006602575537
7.991324693	0.006296095438
8.041200158	0.007280379068
8.903507862	0.006940638646
6.998204311	0.005947078113
-1.0	0.003110923339
8.193261504	0.0123423636
-1.0	0.002021781635
-1.0	0.001214606687
5.927640139	0.006350671872
7.336115643	0.004259671085
-1.0	0.006296477281
-1.0	0.009451106191
7.945379662	0.01013291627
8.863812656	0.01175302174
5.53026045	0.01145628002
8.564893717	0.00448664045
8.453178618	0.0007896787138
8.217255239	0.002862660214
7.264419186	0.08729231358
8.269917516	0.09192919731
8.470206248	0.005616774317
6.957344044	0.003344801953
-1.0	0.003274590243
8.424404755	0.01939583011
9.083233139	0.06266801059
8.51388912	0.0831990093
9.461881552	0.03220645338
9.347960353	0.02424150892
-1.0	0.01534204464
7.114315415	0.03121494129
8.743326829	0.01249385253
9.647114285	0.03190108761
-1.0	0.01046001073
-1.0	0.004901357926
7.486308787	0.00868739374
8.598753517	0.002774712397
8.615336367	0.01492614672
-1.0	0.01268031634
-1.0	0.00204934529
-1.0	0.01949500665
7.303646122	0.03453570232
-1.0	0.02850731462
-1.0	0.06982852519
-1.0	0.1003987119
8.720752107	0.006877230946
6.936280924	0.01005749498
9.011389512	0.007977062836
8.637086562	0.005587232299
8.291080553	0.01313572936
7.82260989	0.01304636896
-1.0	0.001696533174
-1.0	0.0022469908
5.943993626	0.006563064642
-1.0	0.004889445845
-1.0	1.0
5.910571281	1.0
8.131390961	0.08293505758
8.597145095	0.05193968117
9.090266185	0.000854822807
7.617030457	0.003422948532
7.653375327	0.003967168741
5.582178616	0.009642365389
-1.0	0.02772829868
-1.0	0.02041674219
8.03002732	0.02359155007
-1.0	0.01766183972
8.662597052	0.00626149727
7.483482472	0.007002529223
-1.0	0.001013685483
5.06338094	0.00302732666
-1.0	0.01455498114
-1.0	0.002065153327
8.851887402	0.04804013669
6.979094602	0.03183427453
-1.0	0.03714466467
-1.0	0.08744100481
8.996786605	0.1932286024
9.309940019	0.1869477332
-1.0	0.002545945114
6.592022417	0.002755809342
7.166162659	0.007424381562
6.495020816	0.02461078763
-1.0	0.1237855405
-1.0	0.1427782029
9.011389512	0.01798310503
8.798406596	0.008332577534
-1.0	0.001724525937
8.572898726	0.0006749503664
-1.0	0.002556111198
-1.0	0.002325676847
-1.0	0.1141907722
8.700049827	0.7929732203
7.533023305	0.006132117473
8.694929912	0.005593811162
9.109811183	0.006477886811
9.362584216	0.006376252044
-1.0	0.003212955082
4.622318703	0.009082796052
-1.0	0.001980172005
-1.0	0.00309056323
-1.0	0.01569096744
6.450346261	0.00686012907
-1.0	0.005598725285
3.999201433	0.004246532451
6.164162251	0.00234623556
5.553463756	0.004336023238
-1.0	0.001477234298
-1.0	0.002444203477
8.899458104	0.001077608089
8.962202805	0.002575718798
-1.0	0.0578134656
-1.0	0.01489922125
-1.0	0.005973090883
-1.0	0.004458443262
-1.0	0.00647854479
-1.0	0.003389132908
-1.0	0.002001866931
-1.0	0.001738383784
6.829586883	0.02406529337
6.906126124	0.008253782056
-1.0	0.0111857513
7.622665437	0.005952442996
8.009285264	0.01604374126
-1.0	0.01872683875
7.035518828	0.005824470893
7.997916314	0.01111678965
8.36593805	0.007020608056
-1.0	0.01381675247
7.571583881	0.03805953637
-1.0	0.05044690147
-1.0	0.004185208119
-1.0	0.01407973841
-1.0	0.001094445819
-1.0	0.007073901594
5.667641994	0.02000782453
7.710569043	0.01900077984
6.132298292	0.00173866062
-1.0	0.0009915269911
-1.0	0.005136634689
-1.0	0.007250022143
9.129675111	0.01126277167
9.639386851	0.006916100159
-1.0	0.00407361798
6.300530212	0.001008524792
7.23206347	0.0164267309
9.340148421	0.0214346163
-1.0	0.3283352852
-1.0	0.2734220624
9.058339513	0.003067704849
8.741305172	0.002758194692
9.244101931	0.0521950908
9.488139244	0.03789223731
8.506510304	0.01770369336
8.814771974	0.002209142083
9.638238714	0.003385776654
-1.0	0.01413105428
8.312178977	0.05785090104
-1.0	0.0173397772
9.420555159	0.01153503265
9.443175196	0.008935498074
7.718773783	0.01254951674
-1.0	0.02336519957
9.452849213	0.007975618355
8.15377995	0.008763938211
-1.0	0.01069687679
-1.0	0.01326594315
-1.0	0.02932965383
8.772935244	0.03233160824
6.570830153	0.004558288027
8.37477212	0.01563003659
9.767984122	0.003446288174
8.263375905	0.003518127138
7.12879086	0.008395424113
7.028255327	0.006782966666
-1.0	1.0
5.910571281	1.0
6.536189152	0.0003760331601
-1.0	0.003110818565
-1.0	0.0001186521549
-1.0	0.001878526993
-1.0	0.02525668591
-1.0	0.02013004385
9.098587312	0.004285090603
-1.0	0.01125758328
8.574382508	0.01238233037
8.553124206	0.01948628575
4.548750227	0.02108142152
6.960872576	0.01318866573
8.341833896	0.002461683936
-1.0	0.0005614188849
9.270827605	0.01107314974
9.287139892	0.003399046371
7.4621032	0.02246034145
6.464438458	0.2659784853
8.830451722	0.01821457408
7.240445959	0.01061662752
8.38919383	0.01811594702
7.5638669	0.003297857475
-1.0	0.001101486851
-1.0	0.01049911324
8.409734462	0.03256064281
9.317949707	0.01982717589
6.630985499	0.003695458407
-1.0	0.001403821399
-1.0	0.1645446122
8.51358609	0.5410366654
7.331916819	0.003919129726
7.640287259	0.005178331397
8.784749483	0.0003651987354
9.230442673	0.006565241143
-1.0	0.02089615352
7.012120284	0.01507107262
7.776105556	0.003214457072
6.931782111	0.001500573591
9.108189792	0.02886287309
8.281246235	0.03113631159
-1.0	0.00829788018
-1.0	0.008460693061
-1.0	0.01511934679
9.010933752	0.02648560144
9.648440345	9.400080307e-05
7.904555238	0.002916024299
8.769368111	0.03005505539
8.459716518	0.03311487287
-1.0	0.01534204464
-1.0	0.03096040338
7.627191768	0.00861016009
7.021877595	0.00941081997
-1.0	0.001750832424
-1.0	0.001316501177
8.5404393	0.004904386122
-1.0	0.005453764927
-1.0	0.01435972005
5.484363755	0.008611701429
-1.0	0.001746644266
7.100022335	0.001876721042
8.600873506	0.01779584773
7.948443446	0.01084352471
8.528489102	0.001694204868
5.374361436	0.001024434343
8.902413062	0.01065118052
-1.0	0.02298595756
8.834551497	0.01303444616
8.643487272	0.02240408026
8.303764773	0.01240172423
7.688034475	0.01706128381
9.240725092	1.0
8.635162132	1.0
7.749279223	0.08350578696
9.270086138	0.09566210955
-1.0	0.01543543767
5.371899508	0.009869636968
-1.0	0.00617625704
9.442354123	0.0054720263
-1.0	0.1006617174
-1.0	0.08591385186
8.376337871	0.003522814251
9.661876726	0.01834102347
7.181335143	0.004092005081
5.64421399	0.002926964546
-1.0	0.02709844522
4.786907805	0.02696479857
-1.0	0.005171778146
-1.0	0.005973793566
-1.0	0.03731952235
6.82063641	0.01015259139
-1.0	0.0007342976751
-1.0	0.001539756078
-1.0	0.00915098656
8.504190238	0.004899411928
-1.0	0.00186862913
-1.0	0.00516707357
-1.0	0.02857091464
-1.0	0.04302372038
8.581326224	0.002134453971
9.382202544	0.0001662801951
8.283387872	0.003337777918
8.51347818	0.004925705027
-1.0	0.0006341863191
-1.0	0.001006233855
8.341833896	0.002461683936
-1.0	0.0005614188849
9.332302132	0.006139849778
9.432074869	0.007014926057
7.913163845	0.008966974914
9.412131101	0.008892524056
-1.0	0.05204193294
-1.0	0.03511644527
-1.0	0.02031799406
8.649024989	0.01802766137
8.689109042	0.008580390364
-1.0	0.007958767936
8.77492982	0.01417708211
8.456127454	0.02107579634
8.720862996	0.007189697586
8.070349008	0.01098415442
8.049024878	0.005681321956
8.211474077	0.003784125671
-1.0	0.0009301116224
-1.0	0.004457942676
7.092412661	0.004637693521
-1.0	0.002954993397
-1.0	0.005637782626
-1.0	0.01052655838
-1.0	0.003433671314
8.890233479	0.001608538791
-1.0	0.01352996845
-1.0	0.007361545227
-1.0	0.02190929465
-1.0	0.01929775067
8.574382508	0.01238233037
8.553124206	0.01948628575
8.581539625	0.008213201538
9.097824128	0.01321115065
-1.0	0.02384644188
-1.0	0.01600353979
-1.0	0.004411195405
-1.0	0.002958351513
-1.0	0.06763664633
-1.0	0.07317193598
-1.0	0.001200147672
9.478231895	0.002073633019
6.866600266	3.901861055e-05
5.054679271	0.003588275751
8.035675919	0.1591272503
8.823234813	0.3864439428
-1.0	0.009463992901
-1.0	0.0048195282
7.812175749	0.02541356534
-1.0	0.006724928506
8.564868535	0.01765315421
8.760973074	0.005674188957
-1.0	0.2313937694
-1.0	0.1070185602
7.887765981	0.02654779702
9.217502351	0.02754850127
-1.0	0.001571730594
8.83701998	0.001635150285
8.590560236	0.02229275182
-1.0	0.01881427132
8.628019636	0.03811577335
-1.0	0.02517584898
7.219137786	0.01311873458
7.018686217	0.008206241764
-1.0	0.003182606073
-1.0	0.008773410693
8.283206465	0.0241268333
7.133071262	0.003093546256
-1.0	0.01366074197
-1.0	0.01672275923
-1.0	0.003467327217
-1.0	0.006900672335
-1.0	0.1121822372
-1.0	0.05497161672
-1.0	0.009103597142
8.715100214	0.008563585579
6.396807916	0.009655556642
7.943268786	0.01940424554
9.3702577	0.005241630599
8.773297366	0.006010994315
9.257851923	0.0160932336
8.875486973	0.004565436393
7.500358308	0.01320152823
8.60309811	0.003079383634
-1.0	0.002120107878
-1.0	0.002310038079
-1.0	0.02891137451
-1.0	0.06428474933
-1.0	0.01206757035
8.951489032	0.007351499982
-1.0	0.04774329066
9.139577338	0.1020670012
-1.0	0.08858449012
-1.0	0.01586271822
-1.0	0.004565943498
7.351101779	0.005801592022
9.16625777	0.009028355591
-1.0	0.01818861999
-1.0	0.001841653488
-1.0	0.001128353411
-1.0	0.004456952214
-1.0	0.0009716082714
-1.0	0.001724525937
8.572898726	0.0006749503664
7.669034358	0.007898131385
8.899310613	0.005706261378
9.663831286	0.01512910333
-1.0	0.008425583132
-1.0	0.007438077591
-1.0	0.002877209336
5.963784562	0.006805366836
7.414258438	0.01066952758
-1.0	0.0121671427
6.934990998	0.004435461946
7.171818997	0.01207907218
9.19671774	0.0153683573
9.781851445	0.002591480734
7.481194414	0.01139927469
8.177074296	0.008635248989
8.332907386	0.001237468095
8.553011791	0.002987859072
9.058339513	0.003067704849
7.940834203	0.005125547759
-1.0	0.005841149017
-1.0	0.08255003393
-1.0	0.1208055168
4.244485522	0.002043280285
-1.0	0.003069037106
9.125862954	0.003778655082
8.971462148	0.003419596236
6.896138066	0.008526544087
6.162996573	0.00718728127
-1.0	0.004322297871
-1.0	0.004802498035
-1.0	0.01018517278
9.391601046	0.008255006745
-1.0	0.0188341327
-1.0	0.01446252037
5.411260068	0.007659772411
-1.0	0.004322297871
-1.0	0.003250171198
-1.0	0.003696578788
-1.0	0.008773410693
-1.0	0.007634734735
9.003162488	0.001549083623
-1.0	0.001115434919
6.697785776	0.01197783463
8.681346063	0.01204002462
8.271798758	0.004480641335
9.478712281	0.02066812664
7.304416882	0.004619443323
7.607773981	0.007282802835
7.02099712	0.0004802829062
7.73545401	0.0006711796741
-1.0	0.002438266762
-1.0	0.003833368886
-1.0	0.001402172144
-1.0	0.0007709005731
-1.0	0.02240711637
5.947291176	0.01175488252
8.281246235	0.03113631159
8.321786551	0.02367062867
6.803637841	0.002840162255
5.510104809	0.006373582873
-1.0	0.0192638468
8.660273331	0.03165685385
-1.0	0.591371417
-1.0	0.4568192363
9.307503626	0.0134943556
6.931764133	0.01068862528
8.6396994	0.1310153306
7.720924489	0.05166762322
7.301557269	0.003700243542
6.774230697	0.002925782697
7.953406957	0.01665225253
8.723903903	0.0379960984
6.233667977	0.009258235805
6.843731751	0.008628557436
-1.0	0.0199945569
6.567235379	0.01809793338
8.81777598	0.00338635128
7.151442855	0.0008247607038
-1.0	0.08255003393
-1.0	0.1208055168
9.303266811	0.4020732045
8.782747983	0.1425616592
5.64421399	0.002926964546
8.177490755	0.005051628221
9.410087852	0.0311448127
8.778129397	0.02302056924
9.34413009	0.007589551155
9.384863114	0.002586241812
8.359914402	0.003385761753
-1.0	0.001401591813
9.277088386	0.0076947622
9.026029769	0.005723266397
9.107343158	0.005094355438
6.508491095	0.003124094568
-1.0	0.02051496692
7.312156355	0.02312696539
-1.0	0.001948932419
7.534525584	0.01722173952
-1.0	0.01349150669
-1.0	0.01493517682
-1.0	0.003094976069
-1.0	0.001952040009
-1.0	0.007399966009
7.567153994	0.01098224428
9.385918593	0.1353825182
6.031596792	0.1115739346
8.65454772	0.060463503
8.902919895	0.04161080346
-1.0	0.02114491165
-1.0	0.02614725381
5.095035587	0.008271845058
8.827376721	0.01001756638
8.537560844	0.003114692401
9.091892773	0.0193352811
-1.0	0.01932288334
-1.0	0.01752544008
8.68844303	0.01650760509
-1.0	0.0139879426
8.708438753	0.01043574139
-1.0	0.004438200034
8.749544894	0.03816991672
8.551599804	0.04012007639
-1.0	0.001126582036
-1.0	0.003177528502
-1.0	0.005754027981
-1.0	0.01339598745
8.720862996	0.005293751601
6.211409677	0.005254393443
8.211243826	0.006207751576
7.269699121	0.003063972341
7.742971982	0.01290617511
-1.0	0.03388554975
7.251945951	0.011477286
-1.0	0.01785629615
-1.0	0.008589664474
9.340705161	0.004194644745
7.469315467	0.01557825506
8.732602091	0.006594278384
8.319700663	0.007966844365
9.003544913	0.005542102735
5.520906708	1.0
8.580674961	0.1911207438
8.621359229	0.009215701371
9.326639589	0.0006561324699
5.411260068	0.007659772411
-1.0	0.004322297871
7.288629455	0.002282913076
9.179530996	0.001274531591
9.420555159	0.01018194295
9.49065769	0.003946688958
8.473244528	0.03005651385
-1.0	0.007252136245
8.853273272	0.01454054378
-1.0	0.01179333311
9.108189792	0.008521803655
8.931032144	0.008728920482
-1.0	0.01445341855
-1.0	0.003599672113
7.560228697	0.009919141419
8.740363283	0.01154715475
8.597199491	0.006711243652
7.070197395	0.00625951821
4.960634108	0.01487211976
6.502596691	0.01916037872
8.897583263	0.004937423393
-1.0	0.003011764959
6.931782111	0.001500573591
7.319146052	0.002330402145
9.283247187	0.008162717335
8.397848864	0.0218401216
8.420362368	0.1987111419
7.459212681	0.1963214576
-1.0	0.007222793996
-1.0	0.006205256563
-1.0	0.1796801686
-1.0	0.2284467518
6.846640782	0.01857779175
-1.0	0.009529554285
-1.0	0.004512290005
7.171818997	0.005472686607
7.322906267	0.001003920217
-1.0	0.001166246831
-1.0	0.005997089203
8.289702395	0.01921933517
8.772935244	0.01235927828
-1.0	0.005385712255
8.095572138	0.005234778393
6.079784671	0.008433358744
-1.0	0.02679778263
8.677247593	0.05406312644
-1.0	0.01252953336
-1.0	0.01084008999
-1.0	0.05179126188
-1.0	0.07835222036
-1.0	0.03857266158
-1.0	0.003332025371
-1.0	0.0303894002
-1.0	0.005513729062
7.464459086	0.0005247066147
9.459151872	0.001101106755
8.964580445	0.005331816617
7.262656302	0.005877256393
-1.0	0.2683181167
8.438498138	0.284928292
3.445477037	0.05279856548
-1.0	0.05273983628
5.385627705	0.01930363663
-1.0	0.00928619504
9.073437596	0.0845182389
9.185304472	0.0473857969
5.807801896	0.003008504631
7.886261426	0.001326293917
-1.0	0.003735673614
-1.0	0.0003814411175
8.290833249	0.01890508085
9.225279043	0.01864372008
6.796579881	0.04870656878
-1.0	0.07257053256
5.325740582	0.01816803403
9.328855624	0.006774091162
-1.0	0.01054186095
7.820026027	0.01565766521
-1.0	0.01070853043
-1.0	0.004210179206
-1.0	0.004129675217
9.438495612	0.003807348898
8.433315936	0.04866935685
8.980116557	0.05180250108
8.789812099	0.009644210339
7.857626971	0.004714563955
-1.0	0.1423985809
-1.0	0.495711118
9.112118499	0.07355800271
9.61357161	0.6164123416
7.112913865	0.008766748942
7.362559617	0.01613751985
7.993751929	0.006823128089
7.819602053	0.009033816867
-1.0	0.003431418678
-1.0	0.004619624
8.461623897	0.00613828795
7.541030879	0.006601810455
5.108548205	0.02248296142
-1.0	0.01315249782
-1.0	0.0007228476461
-1.0	0.0006506099016
-1.0	0.002945173066
-1.0	0.003124228446
9.080612479	0.004198311828
-1.0	0.004272842314
5.450980234	0.005185364746
9.003693117	0.006486486644
-1.0	0.009694589302
-1.0	0.00982194487
-1.0	0.03085852228
-1.0	0.004355554003
8.710929475	0.003493797267
9.074698531	0.01350914966
7.622665437	0.005736436229
8.31030789	0.01483366638
8.008395789	0.007231427357
5.726562201	0.006292507984
-1.0	0.1469711065
-1.0	0.09223040193
4.363641236	0.008047821932
8.003655733	0.006658792961
8.586208014	0.007931837812
8.314916886	0.00848490838
-1.0	0.002113577444
-1.0	0.004129844252
9.652347145	0.8064979315
9.278090819	0.8093865514
9.162612347	0.004360428546
8.032964308	0.002936225384
-1.0	0.0006341863191
-1.0	0.001006233855
-1.0	0.0155679388
9.484220958	0.02714885771
-1.0	0.01092800125
4.657778173	0.02823491395
6.55949147	0.03764595091
8.580674961	0.009399140254
-1.0	0.01011830568
7.352651317	0.005745510105
8.633941111	0.003898793831
8.580660212	0.003955346998
8.749544894	0.03816991672
8.551599804	0.04012007639
9.442221716	0.008243015967
8.968689661	0.01993821003
6.866600266	3.901861055e-05
5.054679271	0.003588275751
-1.0	0.004496005364
-1.0	0.002785241464
-1.0	0.01310169697
-1.0	0.0202981215
6.974522471	0.005144316237
8.042769564	0.005801485851
7.914401017	0.01086571813
8.856316516	0.008457548916
-1.0	0.01446252037
9.568950139	0.118697837
7.816590918	0.006792670581
7.369512346	0.002702596597
8.667146271	0.001058230177
-1.0	0.001766237081
7.401977912	0.01290105656
7.765758692	0.04441380873
8.541235721	0.004036684521
-1.0	0.004795341752
7.028475441	0.01647145301
8.474561173	0.02014243044
7.408969861	0.01260408573
-1.0	0.01447257306
7.144840967	0.02299564891
8.561571349	0.00744220335
9.388734652	0.0245526731
9.253390125	0.01101024635
7.060920862	0.001455472549
-1.0	0.00536035886
7.223455737	0.002014364116
7.012120284	0.01507107262
-1.0	0.07724262774
-1.0	0.2054657489
9.662862545	1.0
8.474327635	1.0
9.486510287	0.01909187436
7.603405108	0.02063682675
8.945850283	0.003283320693
5.403373417	0.003150409553
8.370819655	0.01250812132
-1.0	0.03976964206
-1.0	0.007240172476
-1.0	0.007990892977
-1.0	0.0123659689
-1.0	0.01914560422
9.465450963	0.005040390417
-1.0	0.001094445819
7.402475624	0.0191451069
6.96304398	0.006535165012
-1.0	0.04154301435
-1.0	0.04199928418
-1.0	0.0360555239
-1.0	0.03379841894
8.336599294	0.01203392912
4.84769754	0.01457005087
8.208447043	0.007177004125
7.852769545	0.006417167839
-1.0	0.005336554255
-1.0	0.001902622171
-1.0	0.0001948277932
-1.0	0.0006145656807
-1.0	0.009993000887
-1.0	0.02985750698
-1.0	0.05145150051
-1.0	0.01841774955
-1.0	0.1084015295
7.830977927	0.1119753942
-1.0	0.01011830568
7.352651317	0.005745510105
-1.0	0.01047132351
-1.0	0.01070853043
-1.0	0.002541931346
8.060426285	0.004393012263
-1.0	0.004895136692
6.268807004	0.002127093496
7.325772345	0.007865940221
7.315062809	0.008932162076
-1.0	0.0136483768
8.134798937	0.01383245643
7.067916766	0.02316552959
8.315905165	0.02175134234
-1.0	0.01206814311
-1.0	0.00195838348
-1.0	0.001846436062
-1.0	0.002927509602
6.849612763	0.1318644732
-1.0	0.0637838766
6.983714718	0.006343521178
7.861078868	0.01346419007
7.818180411	0.008060721681
5.935670464	0.00696960697
7.9118797	0.01288447808
-1.0	0.005168118514
-1.0	0.006394330412
-1.0	0.01996924914
7.086456267	0.0264539551
-1.0	0.02014789544
-1.0	0.001113401027
-1.0	0.001145000337
6.551377717	0.01818920858
8.827376721	0.01001756638
-1.0	0.01277661696
-1.0	0.01704282872
6.614681165	0.002882287139
-1.0	0.010477731
7.518102001	0.005002474412
8.85602751	0.007704144344
5.976788807	0.002250801772
-1.0	0.01105323248
8.941849361	0.003663596231
-1.0	0.004379204474
-1.0	0.006462757941
8.533928323	0.007399619557
-1.0	0.02051496692
7.312156355	0.02312696539
5.184021411	0.01564509422
5.53026045	0.009627153166
8.530599831	0.1686079949
9.063391695	0.7128673792
6.540938405	0.01995948702
-1.0	0.01287380792
9.176126075	0.001594092813
7.938707626	0.001356554567
9.369892858	0.008034466766
-1.0	0.007869318128
9.49357003	0.03427270427
-1.0	0.02446383052
9.286280949	0.006850703619
8.853196866	0.006310155615
3.090112084	0.002175187692
5.335785711	0.001366239274
-1.0	0.0139879426
9.003855667	0.007246879861
-1.0	0.02751011029
7.973476869	0.01653857343
7.485544466	0.001022654818
7.761987629	0.003304870101
-1.0	0.08903178573
-1.0	0.2149396539
-1.0	0.05667719245
8.420362368	0.2441751063
-1.0	0.002551384037
-1.0	0.005565780681
8.414004281	0.005456154235
-1.0	0.007780452725
8.62863174	0.006096520461
3.794368501	0.005559446756
-1.0	0.09704934806
-1.0	0.09833360463
7.88937594	0.001478109974
-1.0	0.003360754577
-1.0	0.002909732517
6.895567284	0.001751915435
9.282365304	0.03656332567
9.493488601	0.08281771094
-1.0	0.008176868781
6.82024156	0.01057024021
-1.0	0.003998997621
-1.0	0.006014343817
9.038212195	0.002196179237
6.543695881	0.009880887344
-1.0	0.002945173066
-1.0	0.003124228446
7.168569739	0.01241363492
6.672035461	0.004850926343
9.007763812	0.007551244926
-1.0	0.004757481162
-1.0	0.01092763338
6.402757093	0.01391182747
-1.0	0.01713099889
6.847358814	0.01296421885
6.95606199	0.01883639395
8.815713856	0.01234727167
-1.0	0.001983058173
6.754550129	0.004301209003
3.538442807	0.005770468153
-1.0	0.01091481838
6.6485893	0.004900490399
-1.0	0.003446812276
-1.0	0.01470975392
-1.0	0.01765798405
6.543695881	0.01506373752
8.432618481	0.006968752947
9.423929108	0.0006991386763
9.34754207	0.002262279857
-1.0	0.1664891541
-1.0	0.1469711065
-1.0	0.001384744421
6.620532499	0.003224855755
7.352210794	0.009424393997
8.891339467	0.07077585161
-1.0	0.005202178843
-1.0	0.007994008251
-1.0	0.002008849755
-1.0	0.00378804747
-1.0	0.004512290005
7.171818997	0.005472686607
6.747504233	0.01448862907
7.740551315	0.005089041777
-1.0	0.005809765309
-1.0	0.01806584373
9.114188939	0.1226065308
9.282134985	0.2173450738
-1.0	0.004808985628
8.043254685	0.005571363959
7.720924489	0.05166762322
8.954799585	0.2891773582
7.24633417	0.004296365194
-1.0	0.003122565802
7.514568428	0.01278109569
9.054037604	0.01005937532
-1.0	0.008322243579
-1.0	0.005544610787
-1.0	0.02578343078
-1.0	0.01354512479
9.054037604	0.01005937532
9.499077395	0.01349324081
-1.0	0.01018517278
9.391601046	0.008255006745
9.475147985	0.004320419393
-1.0	0.004538884386
-1.0	0.0121671427
6.934990998	0.004435461946
-1.0	0.01019032113
9.385986952	0.01747788489
8.456127454	0.01678691059
4.887492199	0.009234972298
-1.0	0.03085852228
-1.0	0.02022045292
-1.0	0.001658689347
6.852455407	0.00524451863
-1.0	0.01206757035
8.951489032	0.007351499982
6.243705126	0.004036122933
-1.0	0.002359524602
7.389595282	0.01954716444
-1.0	0.004290957004
9.117211896	0.007588031236
9.675349582	0.005607349332
8.677247593	0.01912220754
8.145104077	0.01831189729
6.794819519	0.02940823138
-1.0	0.02765486762
7.223455737	0.002014364116
7.012120284	0.01507107262
7.389595282	0.01100219321
4.770541045	0.002996021649
-1.0	0.008330835029
7.592533235	0.01269594766
7.094620968	0.007834043354
8.255148252	0.00313029415
6.920622586	0.006594692357
8.422398631	0.00669681048
9.417275202	0.02453965321
-1.0	0.02300571278
6.796423883	0.002065585926
7.590706423	0.002004092094
9.48051325	0.004711731337
-1.0	0.002701902064
-1.0	0.02147380821
8.670236502	0.02089261636
-1.0	0.02185115777
-1.0	0.002524087206
9.443175196	0.01941969618
9.414263883	0.02442606725
7.871956117	0.04341065139
8.75400952	0.04282241687
-1.0	0.004021950532
9.36842427	0.09610878676
7.483366728	0.0145144742
6.884584645	0.005936111324
7.888594633	0.1585326493
8.880771138	0.1050380766
9.008208552	1.0
8.772551836	1.0
5.325740582	0.01382860262
9.443175196	0.008935498074
-1.0	0.1066114232
-1.0	0.03714466467
7.099327164	0.00153091934
8.588704696	0.002156426199
7.788899286	0.006957028527
-1.0	0.01037545782
7.581621722	0.01868575066
5.622628081	0.01317172404
-1.0	0.00942834001
-1.0	0.01102520619
-1.0	0.002541431924
3.808202941	0.00487411581
-1.0	0.0006412058719
6.523389445	0.002350271214
7.199084549	0.007779201027
8.760973074	0.005674188957
5.976788807	0.007986825891
6.287980058	0.01268666517
-1.0	0.01378195919
6.709067354	0.001668248093
7.851529823	0.02394629084
7.712157996	0.006724928506
5.962973183	0.008531956002
7.765572495	0.001437684288
-1.0	0.002476351103
-1.0	0.001968429424
-1.0	0.04282462597
-1.0	0.0865425542
3.438222563	0.01720125787
7.015143821	0.0123434132
-1.0	0.00815434847
8.042106924	0.007293966599
-1.0	0.0001621384581
-1.0	0.001226134249
9.002469309	0.01297664177
8.526025215	0.01108689886
-1.0	0.003313327907
-1.0	0.01172507834
9.365206486	0.05911623314
8.868563044	0.05122766644
6.50130783	0.0005732934806
7.827991923	0.001911065541
-1.0	0.002120107878
-1.0	0.002310038079
7.78227453	0.005497670267
8.573989638	0.005932304077
-1.0	0.04631335661
6.901255036	0.03541705385
5.057242014	0.004250118975
8.95229169	0.004205607809
8.992847066	0.005662019365
-1.0	0.003506121226
9.692437106	0.5116075873
8.444171142	0.5155488253
-1.0	0.004090121947
-1.0	0.001986024203
9.475147985	0.004320419393
-1.0	0.004538884386
7.219137786	0.01311873458
7.018686217	0.008206241764
6.952610938	0.004061059095
-1.0	0.009967961349
8.456127454	0.01678691059
4.887492199	0.009234972298
-1.0	0.0007536984631
8.204735173	0.0009986941004
8.98319108	0.04106097296
-1.0	0.02052323893
6.259454942	0.01020294521
7.079823423	0.001548050903
-1.0	0.01904641278
6.549523161	0.02009708248
7.818180411	0.004798953421
7.356861604	0.0004745658371
-1.0	0.001949946745
5.919751832	0.002101323335
-1.0	0.008221154101
-1.0	0.005733735859
-1.0	0.004938391503
-1.0	0.007962805219
5.466955588	0.002066327492
7.950665042	0.00198833202
-1.0	0.03560913354
9.035516121	0.04032615572
-1.0	0.003864347003
7.03448002	0.00399271911
-1.0	0.1121822372
9.007408748	0.1126288474
7.899563986	0.007692870218
-1.0	0.003283458063
-1.0	0.005027879495
-1.0	0.03022070043
