0.25822781999999994
0.24118708999999994
0.2966510199999999
0.9545774100000006
0.02334325999999981
0.36751454000000006
0.19707803999999995
0.7775291300000001
0.9068613400000005
0.8835934399999998
0.05308193999999988
0.9794771000000004
0.9556584
0.19200866
0.5547952500000005
0.9173990299999999
0.3200689499999999
0.8811622499999999
0.9093828200000001
0.66715939
0.2923097500000001
0.18944030000000012
0.059360549999999956
0.8375691700000002
0.0070559499999998665
0.64750468
0.5185568299999999
0.02772996999999988
0.7937033900000003
0.9309878600000002
0.7371860100000005
0.4271371799999999
0.7557301100000002
0.17523982999999993
0.5954301
0.23293957000000004
0.1487058699999999
0.23601125
0.6277505299999999
0.03232686999999995
0.38919323000000006
0.4775706100000003
0.8127945100000002
0.5880341900000001
0.4696986900000001
0.9921059100000005
0.18528046999999997
0.5714260200000002
0.9680336800000001
0.20562342
0.36481873000000004
0.18083920999999997
0.9970989100000007
0.6936813700000001
0.7183913599999998
0.47077571000000007
0.7720541600000002
0.42473482
0.70205747
0.8528915800000002
0.1417705099999999
0.8402922600000003
0.9296633099999998
0.5872017999999999
0.8567423700000001
0.2851085099999999
0.8885657400000004
0.27815050000000013
0.31797954999999983
0.05942244999999996
0.8686534800000001
0.024763749999999862
0.40348742000000004
0.2037375199999999
0.5183679400000001
0.9155697600000006
0.6467112400000001
0.20153745999999995
0.8608198100000003
0.6885718000000002
0.7246294199999999
0.4029688599999997
0.49702379999999985
0.40252282000000017
0.9598498500000002
0.23917527000000005
0.5111559400000001
0.5597592300000002
0.6697552299999999
0.58244288
0.6626323899999998
0.2532614799999998
0.2526827599999999
0.30068069
0.3903317799999999
0.8272453200000001
0.8245191199999999
0.14714599999999994
0.32184459
0.11815691999999994
0.65511274
0.5887732099999999
0.38013300999999977
0.6887096800000001
0.47225867000000005
0.004978020000000027
0.19873763999999994
0.7896387099999997
0.13540440999999998
0.5788428800000001
0.8651812200000006
0.35548584000000005
0.8744858000000001
0.014438089999999848
0.60697375
0.4849221599999999
0.5332005999999999
0.15614876999999994
0.12800308
0.7412915900000001
0.6685012800000002
0.9908681799999999
0.58906737
0.34908302000000013
0.22308005999999975
0.8480226700000003
0.4060448200000001
0.3862272299999999
0.16773563999999996
0.1411860199999999
0.47590806000000035
0.5771605099999997
0.09794927999999997
0.2555094899999999
0.09965526999999985
0.34170139000000016
0.62390496
0.8036809800000004
0.39123605000000017
0.4996418100000001
0.22661662000000005
0.6664208500000002
0.23497739000000006
0.27248467
0.1728094699999999
0.2410254799999999
0.12595521999999992
0.474779
0.6562551600000002
0.7812704500000003
0.1459780799999999
0.20882928999999995
0.8927037000000007
0.47478625000000035
0.6649532600000003
0.49652677999999995
0.34925912000000015
0.8230718100000004
0.4205912399999999
0.7540014399999999
0.40070504
0.8121679100000005
0.9952540900000001
0.5929942599999997
0.33306324
0.6113155999999998
0.40595380999999997
0.13386939999999997
0.8637122599999998
0.8823039400000003
0.2923445800000001
0.5868152
0.22128890999999995
0.98764617
0.7422526399999999
0.3743777800000001
0.69428955
0.5682017500000004
0.18840517
0.10048353999999982
0.07451486999999996
0.07795954999999993
0.18456657000000004
0.30711050000000006
0.58049925
0.9207205800000007
0.32271557000000006
0.79954986
0.22110998999999998
0.82397386
0.1865480699999999
0.1946843800000001
0.9548759199999998
0.49824012
0.7099209600000003
0.6553256799999998
0.1971238099999999
0.8488204900000001
0.8763819000000004
0.37680002
0.5782376400000002
0.09118737999999987
0.8864234500000001
0.5198256900000001
0.8649760900000008
0.31218641999999985
0.046561649999999954
0.16292388999999996
0.15974499999999986
0.5683128600000003
0.7966149599999997
0.9472432800000006
0.9919075800000006
0.8867434800000004
0.19340994999999983
0.07328427999999992
0.33157542000000007
0.11528036999999991
0.6358603000000003
0.6612961299999999
0.07746464999999991
0.7517688499999999
0.9675621600000004
0.3924147099999999
0.054824839999999764
0.33910201999999995
0.8988927400000001
0.09662985999999985
0.9233471499999998
0.09156401999999991
0.9221085600000002
0.8253373800000001
0.29441636000000004
0.028118829999999928
0.6274021700000001
0.24287143
0.1643323799999999
0.43979250000000003
0.9768702500000002
0.7911115699999998
0.12491159000000007
0.08146670999999978
0.8458476700000003
0.6632574900000003
0.5403080699999999
0.44684525999999986
0.18001768
0.7141022100000003
0.10093046999999988
0.08534956999999982
0.48870830999999976
0.5673521
0.6931777399999999
0.6102211400000004
0.07050469999999992
0.4266205200000001
0.81033382
0.9255724400000003
0.7228513
0.4879473300000001
0.49700294000000017
0.8204159100000004
0.7962866700000001
0.006226139999999936
0.5560794899999997
0.7775271500000003
0.8343835499999996
0.12831529999999997
0.6809648400000001
0.57713821
0.16534738
0.5082398399999999
0.5194635400000001
0.7795099600000002
0.14743430999999985
0.19380546999999998
0.9788192899999999
0.30611571000000004
0.8083630800000006
0.2640978100000001
0.4875022500000001
0.8853188700000002
0.87463438
0.03641259999999996
0.7958534799999999
0.2252849400000001
0.7714055200000002
0.04044753999999989
0.44842431999999993
0.4690644000000001
0.1129690699999999
0.8395023299999997
0.1434742699999999
0.8661131800000006
0.2545748899999999
0.17166217999999994
0.36009425000000006
0.43585733999999976
0.43945535000000013
0.46177779000000024
0.4407822500000002
0.4222571300000001
0.7013373000000002
0.41856839999999995
0.9623672800000003
0.8491050100000002
0.24249240999999994
0.16112602999999986
0.42654382999999996
0.9157455600000002
0.44990076999999995
0.5830020500000004
0.6875242400000001
0.026650399999999907
0.11857096999999983
0.49918982000000006
0.32648122
0.82964047
0.9217062300000003
0.8521887700000002
0.8586529700000001
0.05930720000000006
0.8521576499999998
0.42577862
0.23449917000000003
0.8614830499999999
0.43415912999999995
0.9109475600000001
0.6333137400000001
0.70796456
0.014115499999999837
0.2692719199999999
0.10971665999999997
0.23437612999999996
0.65256878
0.6269050399999999
0.28835683
0.4456937800000001
0.6004080900000001
0.6456071700000005
0.5070878400000001
0.9445066200000001
0.41290526000000016
0.6419498200000001
0.32914514000000006
0.7920589100000002
0.7657162200000005
0.2516361199999999
0.8268576499999998
0.07571729999999993
0.5802540800000003
0.5848061799999998
0.7397540900000001
0.35749577999999993
0.22736309999999993
0.7377660299999997
0.95434009
0.7686372399999999
0.54716731
0.32562265
0.25109929999999997
0.3803304
0.90721685
0.5329368300000001
0.43892748000000026
0.7782704400000002
0.0805822399999998
0.64447749
0.8987450800000003
0.7136539
0.04656237999999985
0.21950719999999985
0.8975217800000003
0.8706535400000002
0.5044306900000002
0.01603067999999991
0.9463739799999997
0.7340840500000001
0.13202301999999982
0.19296864999999996
0.06409770999999986
0.5298547
0.07856688
0.17563512999999986
0.06371072999999988
0.4845921699999998
0.4481706399999998
0.28794724999999993
0.23391446000000005
0.56714478
0.23535836
0.021539239999999904
0.6395286699999999
0.8143766500000005
0.44825825999999985
0.3943375100000001
0.5884903600000001
0.7752301599999998
0.009533869999999889
0.4862481600000002
0.7410094899999998
0.9515622699999999
0.5151639200000001
0.012532880000000024
0.5300303399999998
0.7442515599999996
0.061426929999999935
0.7770951999999999
0.13745431999999996
0.5384909099999999
0.06334965999999992
0.08688609999999997
0.17277355
0.7865781700000003
0.7440063900000005
0.058883129999999895
0.13941253999999992
0.8169992100000005
0.5180137800000001
0.41802031999999983
0.5376827700000001
0.12166672999999989
0.6294489799999999
0.5178389300000001
0.9639300099999999
0.27769273000000005
0.7719004199999999
0.5036433599999999
0.27217846
0.8645698700000002
0.34533627000000017
0.12154835000000003
0.25569401999999986
0.7489492300000002
0.7164593199999997
0.6998192500000004
0.030436819999999865
0.17218116000000006
0.10681626999999988
0.3844040299999999
0.10465066999999983
0.2415161799999998
0.23955953999999985
0.43178141999999997
0.36464848000000005
0.31240925999999997
0.65730081
0.86812724
0.6606141199999999
0.7533755300000001
0.6429191299999999
0.25212137
0.5521242300000004
0.43591538000000035
0.4356523899999999
0.7208951799999997
0.5842602799999999
0.9475546600000004
0.9683993100000005
0.09764577999999996
0.5348542000000004
0.25704088999999986
0.43959967
0.6796063499999999
0.0810165799999999
0.3965195800000001
0.9191408600000002
0.43623327999999995
0.13831424999999992
0.14806926999999986
0.4556973499999999
0.12604740999999997
0.050157489999999916
0.011556579999999872
0.0037935599999998626
0.13212878999999994
0.9210580100000001
0.6832958700000001
0.26091206
0.09512469999999995
0.16884189999999993
0.4945418300000002
0.7420742600000002
0.4107160700000001
0.04619829999999986
0.5667150400000001
0.34264861999999985
0.04655457999999996
0.15157740999999986
0.47792298
0.09650416999999994
0.8186868900000005
0.7876791899999998
0.69106249
0.04879101999999985
0.019945969999999924
0.47656324000000005
0.25922460999999986
0.28802041
0.4901136200000003
0.8213629899999999
0.4436477100000001
0.8337912200000002
0.8406284699999998
0.9289756600000001
0.5669218799999997
0.06377926999999989
0.5789721899999997
0.8819561699999998
0.009518869999999902
0.47470694
0.9365472300000002
0.45493159000000016
0.6183414200000004
0.7857716000000001
0.7098037800000003
0.27442882999999996
0.25541729999999996
0.5824833900000004
0.29496855999999994
0.1335133
0.78371036
0.45073831
0.70443983
0.5944313499999999
0.18819344999999993
0.8386354200000001
0.10869417999999992
0.7418791899999999
0.7833151800000002
0.4311068600000002
0.81339864
0.4053121400000002
0.95758421
0.4610149499999999
0.5823454400000001
0.7899171400000002
0.4236901199999997
0.28091857
0.30513171000000006
0.15322419999999992
0.9457473100000005
0.8254779200000002
0.9179555199999996
0.5361673700000001
0.98792337
0.17914596999999988
0.41651151
0.59519751
0.92770611
0.24521572999999997
0.028597929999999938
0.07423391999999995
0.6146598699999999
0.22081151000000004
0.7963544100000003
0.7528895000000002
0.19952826
0.71386444
0.19032682000000006
0.91486431
0.037960369999999966
0.8783849900000004
0.9552114800000002
0.8761229799999998
0.8727754600000004
0.35383521000000007
0.6826422600000001
0.7253211599999998
0.9821248199999997
0.8328777999999999
0.9338596500000005
0.14714944000000002
0.24844705000000003
0.7734698400000001
0.27380568000000005
0.2637685299999999
0.7794274800000005
0.2964122800000001
0.20867181
0.3288417399999999
0.24173493999999995
0.26267497000000006
0.06391754999999988
0.8981634600000004
0.61304985
0.21076680000000003
0.1550274099999998
0.41656212000000015
0.8257274800000001
0.67750405
0.42150726000000016
0.7790756700000008
0.9327528100000003
0.17508689999999977
0.46116303000000003
0.09601907999999992
0.9729559599999995
0.7795555000000003
0.9581425700000001
0.49158256
0.45986117
0.5437226199999997
0.38555319999999993
0.7301170699999997
0.59571651
0.9459154800000001
0.49721817000000024
0.5726576400000001
0.38765614
0.023666379999999987
0.07088054999999993
0.4511294399999999
0.6724161399999999
0.36744585
0.19853791999999998
0.6672537699999999
0.8269392400000002
0.28487560999999995
0.9564570600000004
0.8903124800000004
0.27765993999999994
0.09120649999999997
0.1893980099999999
0.26775717999999993
0.38073998
0.14124108000000002
0.10598885999999996
0.18038154999999984
0.06863202999999996
0.46890222000000004
0.73498292
0.0519865699999999
0.7003074899999999
0.5485778000000001
0.26702259000000006
0.33144152000000004
0.95970517
0.43403613000000013
0.5698430500000001
0.11843755999999989
0.02356681999999999
0.9502448400000004
0.93727187
0.71769355
0.24557432000000004
0.24146602000000017
0.73797635
0.08988985999999993
0.4982230900000001
0.9232835200000007
0.007515179999999899
0.8147964799999998
0.3914515400000001
0.9188612600000003
0.08922777999999981
0.8565816500000001
0.9541863300000003
0.5710833500000004
0.13656520000000005
0.12146867999999994
0.35868627999999986
0.8112453100000002
0.22689175000000011
0.8421056200000003
0.9539531900000006
0.3646003600000001
0.0628773299999999
0.47452646000000004
0.28174767
0.05514117000000007
0.9858674400000003
0.31630159000000013
0.41604397
0.5783829600000001
0.8128980600000004
0.05143616999999989
0.32397255999999997
0.40262572999999996
0.6278185200000002
0.7398288700000001
0.7789061599999998
0.034980959999999894
0.04977869999999984
0.9803348600000006
0.6342828100000001
0.35944951000000014
0.7160232699999998
0.36344699999999985
0.88534235
0.04766234999999991
0.9497309600000001
0.45885246
0.2321688899999999
0.68981091
0.28403307000000005
0.43748872000000016
0.7317931900000003
0.7669650500000001
0.3543982299999999
0.5972789800000001
0.04063477999999987
0.2383354399999999
0.9316844999999998
0.09936357999999995
0.27224625999999996
0.34819334
0.6203031099999999
0.77914572
0.24674787000000006
0.18135367999999985
0.46281690000000003
0.4374513300000002
0.6190844600000001
0.7851793600000001
0.29477169
0.81515084
0.5759483799999999
0.51360519
0.015064849999999852
0.11722538999999987
0.19815031999999982
0.51894266
0.7246145300000004
0.1436986699999998
0.5337717699999999
0.8421320699999997
0.7022075800000004
0.48405049000000017
0.41656825999999997
0.7596575600000001
0.18134297000000005
0.6416412
0.6523469900000002
0.2854786699999999
0.6500191799999998
0.11182184999999989
0.8883460499999998
0.07481609999999994
0.9322585700000002
0.33245026
0.5764502300000004
0.33507225
0.36075395999999993
0.20227201999999983
0.25209733999999995
0.13106344999999986
0.5313895699999996
0.08855509999999978
0.05326241999999992
0.7792507599999998
0.6779788699999998
0.36674826
0.9241722200000003
0.6529280599999997
0.08907327999999987
0.57419449
0.7862301500000004
0.54341405
0.63331787
0.7221423700000003
0.42102694999999996
0.5046647899999999
0.67611003
0.5912919299999999
0.8071496600000005
0.9559608800000003
0.5302764099999999
0.2520085099999999
0.6551151299999998
0.5565309900000001
0.8840167300000001
0.62015906
0.5192358399999999
0.20505475999999995
0.0771263599999999
0.6658118099999999
0.06355279999999991
0.9197417700000003
0.9775624500000001
0.87489237
0.2582788999999999
0.88017839
0.7820103500000002
0.37106233999999994
0.7422972200000004
0.6913882899999999
0.27225733999999985
0.38316845
0.9273676000000006
0.031240499999999893
0.8463735500000003
0.7734158099999999
0.5562558600000004
0.3656338700000001
0.46771670999999987
0.6586821100000001
0.0808396099999999
0.8901424400000003
0.44515536000000017
0.5158671100000001
0.5727230700000003
0.5846906
0.03005421999999991
0.4283703100000002
0.8908433600000003
0.15504900999999993
0.9381511200000003
0.27531840999999996
0.11080224999999999
0.4639421
0.85769509
0.9701606699999998
0.3311582900000001
0.03117954999999989
0.6283385899999998
0.5422584
0.7055974599999999
0.39357491999999994
0.3231064499999999
0.18548692999999994
0.41493989999999986
0.8301903000000005
0.23077047000000006
0.4862536099999999
0.85627238
0.14106705999999997
0.25558331000000006
0.9876018200000001
0.4533762900000002
0.8032106700000008
0.25890106999999996
0.7393925400000001
0.3454331399999999
0.6889709799999997
0.5084526000000001
0.00703374999999995
0.61953868
0.30608210999999996
0.84096118
0.7266322800000002
0.97282055
0.16852035999999998
0.003988599999999953
0.59300574
0.6883978600000003
0.97591083
0.7255399399999999
0.53691827
0.0985947499999999
0.23170636
0.1904559999999999
0.1411425799999999
0.6073889100000001
0.4757719800000001
0.20346161000000018
0.4296082500000002
0.36254457
0.6547998400000001
0.008453699999999897
0.30667605
0.8083057600000003
0.83181701
0.86360883
0.41056226
0.9024182099999999
0.06975440999999988
0.7911163000000003
0.2053169399999999
0.3599970299999998
0.48313997000000014
0.03940007999999989
0.9485443400000009
0.8779692799999996
0.6481469900000002
0.6869092000000007
0.9234605700000003
0.3750356100000002
0.14953660000000013
0.22374037999999996
0.024842039999999954
0.6927068300000001
0.7473094000000002
0.6389609800000001
0.5036296899999999
0.06011826999999992
0.4011236799999999
0.16567908000000003
0.4557071500000001
0.6055042900000001
0.25361415
0.50053728
0.85288557
0.38614518999999986
0.24206864
0.04437819999999992
0.8238260899999994
0.8162971799999998
0.43612750999999994
0.018103369999999896
0.12410168999999993
0.86897006
0.10304389000000003
0.5069226799999996
0.031131269999999878
0.25858431
0.39684036
0.12432121999999995
0.48997599000000014
0.07287709999999986
0.40977658
0.3811687399999999
0.9499372000000004
0.9768273900000005
0.9412118399999998
0.7036240499999996
0.5365352
0.3406497500000001
0.9189743200000007
0.19647675999999986
0.17489360999999998
0.4494502700000001
0.32389240999999996
0.12802766999999993
0.6818494799999999
0.7103337299999999
0.7570008
0.76386406
0.43023942000000015
0.6858830400000001
0.02384606999999994
0.3896708600000002
0.39718499999999995
0.3292891299999998
0.29059043000000007
0.09273677000000002
0.35813649999999997
0.36102645999999994
0.14540809999999982
0.8549591000000001
0.6278721499999999
0.3716837100000001
0.3585826499999999
0.6912087600000002
0.8729160700000002
0.7114066000000001
0.25337376
0.35783584999999984
0.31766085999999993
0.38076631000000005
0.49981488000000013
0.14248757999999995
0.10109331999999999
0.49005453000000004
0.02763171999999975
0.23295563999999996
0.2393126599999999
0.26253403999999997
0.13170860999999995
0.8881472000000002
0.7395044300000001
0.7425061400000003
0.05406043999999999
0.07372072000000002
0.18072407999999995
0.21136252000000005
0.6452988499999999
0.7676330400000004
0.8983906600000005
0.6676552199999999
0.42005833000000004
0.56175529
0.61853651
0.14890115999999998
0.8011703000000006
0.7945218500000003
0.8418127200000001
0.64810124
0.9294152500000004
0.7108877300000005
0.42276150999999995
0.026414269999999795
0.5359385200000002
0.55058157
0.14772959999999985
0.7567304599999999
0.9185908699999998
0.7036476700000001
0.39142877000000004
0.5985120199999999
0.6130672700000002
0.4260616500000001
0.24575067000000003
0.6991729999999996
0.9875575400000001
0.9568327100000005
0.4758005200000002
0.8511516099999998
0.20455176000000003
0.42364493000000014